  -2.4000000000000000E-002     1.8443565815687180E-002
  -2.3650000000000001E-002     2.6997577399015427E-002
  -2.3300000000000001E-002     3.9261516183614731E-002
  -2.2950000000000002E-002     5.6723698973655701E-002
  -2.2600000000000002E-002     8.1415995955467224E-002
  -2.2249999999999999E-002    0.11608995497226715     
  -2.1899999999999999E-002    0.16444131731987000     
  -2.1550000000000000E-002    0.23139275610446930     
  -2.1200000000000000E-002    0.32344594597816467     
  -2.0850000000000000E-002    0.44911432266235352     
  -2.0500000000000001E-002    0.61944800615310669     
  -2.0150000000000001E-002    0.84866136312484741     
  -1.9800000000000002E-002     1.1548717021942139     
  -1.9450000000000002E-002     1.5609544515609741     
  -1.9099999999999999E-002     2.0955135822296143     
  -1.8749999999999999E-002     2.7939593791961670     
  -1.8400000000000000E-002     3.6996769905090332     
  -1.8050000000000000E-002     4.8652505874633789     
  -1.7700000000000000E-002     6.3537001609802246     
  -1.7350000000000001E-002     8.2396612167358398     
  -1.7000000000000001E-002     10.610425949096680     
  -1.6650000000000002E-002     13.566728591918945     
  -1.6300000000000002E-002     17.223146438598633     
  -1.5949999999999999E-002     21.707967758178711     
  -1.5600000000000001E-002     27.162340164184570     
  -1.5250000000000001E-002     33.738517761230469     
  -1.4900000000000000E-002     41.597030639648438     
  -1.4550000000000000E-002     50.902561187744141     
  -1.4200000000000001E-002     61.818397521972656     
  -1.3850000000000001E-002     74.499328613281250     
  -1.3500000000000000E-002     89.082923889160156     
  -1.3150000000000000E-002     105.67917633056641     
  -1.2800000000000001E-002     124.35875701904297     
  -1.2450000000000001E-002     145.13993835449219     
  -1.2100000000000001E-002     167.97477722167969     
  -1.1750000000000000E-002     192.73487854003906     
  -1.1400000000000000E-002     219.19767761230469     
  -1.1050000000000001E-002     247.03379821777344     
  -1.0700000000000001E-002     275.79663085937500     
  -1.0350000000000000E-002     304.91516113281250     
  -1.0000000000000000E-002     333.69079589843750     
  -9.6500000000000006E-003     361.29977416992188     
  -9.3000000000000010E-003     386.80166625976562     
  -8.9500000000000014E-003     409.15457153320312     
  -8.6000000000000000E-003     427.23831176757812     
  -8.2500000000000004E-003     439.88446044921875     
  -7.9000000000000008E-003     445.91430664062500     
  -7.5500000000000012E-003     444.18280029296875     
  -7.2000000000000015E-003     433.62789916992188     
  -6.8500000000000019E-003     413.32348632812500     
  -6.5000000000000023E-003     382.53335571289062     
  -6.1499999999999992E-003     340.76379394531250     
  -5.7999999999999996E-003     287.81222534179688     
  -5.4500000000000000E-003     223.80828857421875     
  -5.1000000000000004E-003     149.24502563476562     
  -4.7500000000000007E-003     64.997192382812500     
  -4.4000000000000011E-003    -27.675422668457031     
  -4.0500000000000015E-003    -127.14131927490234     
  -3.7000000000000019E-003    -231.42803955078125     
  -3.3500000000000023E-003    -338.27017211914062     
  -2.9999999999999992E-003    -445.17364501953125     
  -2.6499999999999996E-003    -549.49414062500000     
  -2.3000000000000000E-003    -648.52679443359375     
  -1.9500000000000003E-003    -739.60290527343750     
  -1.6000000000000007E-003    -820.19012451171875     
  -1.2500000000000011E-003    -887.99041748046875     
  -9.0000000000000149E-004    -941.03149414062500     
  -5.5000000000000188E-004    -977.74713134765625     
  -2.0000000000000226E-004    -997.04156494140625     
   1.5000000000000083E-004    -998.33526611328125     
   5.0000000000000044E-004    -981.58935546875000     
   8.5000000000000006E-004    -947.30700683593750     
   1.1999999999999997E-003    -896.51257324218750     
   1.5499999999999993E-003    -830.70867919921875     
   1.8999999999999989E-003    -751.81414794921875     
   2.2499999999999985E-003    -662.08581542968750     
   2.5999999999999981E-003    -564.02850341796875     
   2.9499999999999978E-003    -460.29757690429688     
   3.3000000000000008E-003    -353.59878540039062     
   3.6500000000000005E-003    -246.59077453613281     
   4.0000000000000001E-003    -141.79420471191406     
   4.3499999999999997E-003    -41.511417388916016     
   4.6999999999999993E-003     52.239917755126953     
   5.0499999999999989E-003     137.77731323242188     
   5.3999999999999986E-003     213.78666687011719     
   5.7499999999999982E-003     279.33804321289062     
   6.0999999999999978E-003     333.88464355468750     
   6.4500000000000009E-003     377.24658203125000     
   6.8000000000000005E-003     409.58126831054688     
   7.1500000000000001E-003     431.34365844726562     
   7.4999999999999997E-003     443.23849487304688     
   7.8499999999999959E-003     446.16806030273438     
   8.1999999999999990E-003     441.17825317382812     
   8.5500000000000020E-003     429.40536499023438     
   8.8999999999999982E-003     412.02624511718750     
   9.2500000000000013E-003     390.21313476562500     
   9.5999999999999974E-003     365.09521484375000     
   9.9500000000000005E-003     337.72708129882812     
   1.0299999999999997E-002     309.06484985351562     
   1.0650000000000000E-002     279.94955444335938     
   1.0999999999999996E-002     251.09797668457031     
   1.1349999999999999E-002     223.09928894042969     
   1.1700000000000002E-002     196.41751098632812     
   1.2049999999999998E-002     171.39816284179688     
   1.2400000000000001E-002     148.27838134765625     
   1.2749999999999997E-002     127.19916534423828     
   1.3100000000000001E-002     108.21907806396484     
   1.3449999999999997E-002     91.328460693359375     
   1.3800000000000000E-002     76.463294982910156     
   1.4149999999999996E-002     63.518451690673828     
   1.4499999999999999E-002     52.359638214111328     
   1.4850000000000002E-002     42.833946228027344     
   1.5199999999999998E-002     34.778835296630859     
   1.5550000000000001E-002     28.029441833496094     
   1.5899999999999997E-002     22.424362182617188     
   1.6250000000000001E-002     17.809957504272461     
   1.6599999999999997E-002     14.043363571166992     
   1.6950000000000000E-002     10.994383811950684     
   1.7299999999999996E-002     8.5464591979980469     
   1.7649999999999999E-002     6.5968909263610840     
   1.8000000000000002E-002     5.0565085411071777     
   1.8349999999999998E-002     3.8489267826080322     
   1.8700000000000001E-002     2.9095366001129150     
   1.9049999999999997E-002     2.1843376159667969     
   1.9400000000000001E-002     1.6287072896957397     
   1.9749999999999997E-002     1.2061686515808105     
   2.0100000000000000E-002    0.88721382617950439     
   2.0449999999999996E-002    0.64821130037307739     
   2.0799999999999999E-002    0.47041901946067810     
   2.1150000000000002E-002    0.33911290764808655     
   2.1499999999999998E-002    0.24283181130886078     
   2.1850000000000001E-002    0.17273430526256561     
   2.2199999999999998E-002    0.12205984443426132     
   2.2550000000000001E-002     8.5683494806289673E-002
   2.2899999999999997E-002     5.9753052890300751E-002
   2.3250000000000000E-002     4.1397072374820709E-002
   2.3599999999999996E-002     2.8492679819464684E-002
   2.3949999999999999E-002     1.9483111798763275E-002
   2.4300000000000002E-002     1.3235843740403652E-002
   2.4649999999999998E-002     8.9334594085812569E-003
   2.5000000000000001E-002     5.9905769303441048E-003
   2.5349999999999998E-002     3.9912089705467224E-003
   2.5700000000000001E-002     2.6420003268867731E-003
   2.6049999999999997E-002     1.7376372124999762E-003
   2.6400000000000000E-002     1.1355034075677395E-003
   2.6749999999999996E-002     7.3726853588595986E-004
   2.7099999999999999E-002     4.7563697444275022E-004
   2.7450000000000002E-002     3.0488966149277985E-004
   2.7799999999999998E-002     1.9419197633396834E-004
   2.8150000000000001E-002     1.2289818550925702E-004
   2.8499999999999998E-002     7.7283941209316254E-005
   2.8850000000000001E-002     4.8291029088431969E-005
   2.9199999999999997E-002     2.9983388230903074E-005
   2.9550000000000000E-002     1.8498456483939663E-005
   2.9899999999999996E-002     1.1340553101035766E-005
   3.0249999999999999E-002     6.9084435381228104E-006
   3.0600000000000002E-002     4.1819271245913114E-006
   3.0949999999999998E-002     2.5155102321150480E-006
   3.1300000000000001E-002     1.5035986962175230E-006
   3.1649999999999998E-002     8.9309327222508728E-007
   3.2000000000000001E-002     5.2713693321493338E-007
   3.2349999999999997E-002     3.0918212701180892E-007
   3.2700000000000000E-002     1.8020722336586914E-007
   3.3049999999999996E-002     1.0437567254939495E-007
   3.3399999999999999E-002     6.0075585395225062E-008
   3.3750000000000002E-002     3.4361381295866522E-008
   3.4099999999999998E-002     1.9530766337538807E-008
   3.4450000000000001E-002     1.1031794144855667E-008
   3.4799999999999998E-002     6.1923182137491040E-009
   3.5150000000000001E-002     3.4541611793059701E-009
   3.5499999999999997E-002     1.9147676777464540E-009
   3.5850000000000000E-002     1.0548133477783495E-009
   3.6199999999999996E-002     5.7746135651015607E-010
   3.6549999999999999E-002     3.1416647061632830E-010
   3.6900000000000002E-002     1.6985877981934294E-010
   3.7249999999999998E-002     9.1266008639401264E-011
   3.7600000000000001E-002     4.8733166807535255E-011
   3.7949999999999998E-002     2.5860459607063291E-011
   3.8300000000000001E-002     1.3637833917723441E-011
   3.8649999999999997E-002     7.1474904987656185E-012
   3.9000000000000000E-002     3.7227356614044638E-012
   3.9350000000000003E-002     1.9269598937332599E-012
   3.9699999999999992E-002     9.9125698968527409E-013
   4.0049999999999995E-002     5.0676232958221656E-013
   4.0399999999999998E-002     2.5747085670088654E-013
   4.0750000000000001E-002     1.3000462251860911E-013
   4.1100000000000005E-002     6.5237562801943177E-014
   4.1449999999999994E-002     3.2534633759859558E-014
   4.1799999999999997E-002     1.6125181363248718E-014
   4.2150000000000000E-002     7.9428227639814428E-015
   4.2500000000000003E-002     3.8882822979977635E-015
   4.2849999999999992E-002     1.8917093860473669E-015
   4.3199999999999995E-002     9.1467276325729249E-016
   4.3549999999999998E-002     4.3953434311576182E-016
   4.3900000000000002E-002     2.0991166528389131E-016
   4.4250000000000005E-002     9.9631800434533849E-017
   4.4599999999999994E-002     4.6997844762809019E-017
   4.4949999999999997E-002     2.2033191423185046E-017
   4.5300000000000000E-002     1.0265904490282274E-017
   4.5650000000000003E-002     4.7537709979856040E-018
   4.5999999999999992E-002     2.1877684363157221E-018
   4.6349999999999995E-002     1.0006617903037474E-018
   4.6699999999999998E-002     4.5488011222665219E-019
   4.7050000000000002E-002     2.0550910700558717E-019
   4.7400000000000005E-002     9.2276352953203212E-020
   4.7749999999999994E-002     4.1178992828624657E-020
   4.8099999999999997E-002     1.8263656786682148E-020
   4.8450000000000000E-002     8.0505797403185239E-021
   4.8800000000000003E-002     3.5269123394057124E-021
   4.9149999999999992E-002     1.5356456610753156E-021
   4.9499999999999995E-002     6.6453339733230430E-022
   4.9849999999999998E-002     2.8580690604711619E-022
   5.0200000000000002E-002     1.2216854074152416E-022
   5.0550000000000005E-002     5.1901200526513079E-023
   5.0899999999999994E-002     2.1914290889775554E-023
   5.1249999999999997E-002     9.1962343550353299E-024
   5.1600000000000000E-002     3.8355336234800176E-024
   5.1950000000000003E-002     1.5899202624422956E-024
   5.2299999999999992E-002     6.5502695486477393E-025
   5.2649999999999995E-002     2.6821177100281906E-025
   5.2999999999999999E-002     1.0915205802773121E-025
   5.3350000000000002E-002     4.4149105924711333E-026
   5.3700000000000005E-002     1.7747957505265563E-026
   5.4049999999999994E-002     7.0910699066596974E-027
   5.4399999999999997E-002     2.8158700086585063E-027
   5.4750000000000000E-002     1.1113512299503463E-027
   5.5100000000000003E-002     4.3594180218708256E-028
   5.5449999999999992E-002     1.6995915276866883E-028
   5.5799999999999995E-002     6.5856698984366509E-029
   5.6149999999999999E-002     2.5362676761929343E-029
   5.6500000000000002E-002     9.7080162627631266E-030
   5.6850000000000005E-002     3.6932313459897631E-030
   5.7199999999999994E-002     1.3964444067429596E-030
   5.7549999999999997E-002     5.2478605228901088E-031
   5.7900000000000000E-002     1.9601207257235582E-031
   5.8250000000000003E-002     7.2765527711734045E-032
   5.8599999999999992E-002     2.6847955956891062E-032
   5.8949999999999995E-002     9.8455476265639240E-033
   5.9299999999999999E-002     3.5884922161826613E-033
   5.9650000000000002E-002     1.2999539478129243E-033
   6.0000000000000005E-002     4.6804557547645248E-034
   6.0349999999999994E-002     1.6749155235611177E-034
   6.0699999999999997E-002     5.9572056277632095E-035
   6.1050000000000000E-002     2.1058989904559046E-035
   6.1400000000000003E-002     7.3990861978402428E-036
   6.1749999999999992E-002     2.5838338354628896E-036
   6.2099999999999995E-002     8.9680366382185930E-037
   6.2449999999999999E-002     3.0936898917864770E-037
   6.2799999999999995E-002     1.0607256524126649E-037
   6.3150000000000012E-002     3.6147362692306538E-038
   6.3500000000000001E-002     1.2243277806160038E-038
   6.3849999999999990E-002     4.1216069432539050E-039
   6.4200000000000007E-002     1.3790612589944465E-039
   6.4549999999999996E-002     4.5861556010576181E-040
   6.4899999999999985E-002     1.5158686267680141E-040
   6.5250000000000002E-002     4.9799344825175349E-041
   6.5599999999999992E-002     1.6260667380025177E-041
   6.5950000000000009E-002     5.2772900166472611E-042
   6.6299999999999998E-002     1.7025776341546527E-042
   6.6649999999999987E-002     5.4510510262235384E-043
   6.7000000000000004E-002     1.7376100957627732E-043
   6.7349999999999993E-002     5.4650640108667866E-044
   6.7700000000000010E-002     1.6815581571897805E-044
   6.8049999999999999E-002     5.6051938572992683E-045
   6.8399999999999989E-002     1.4012984643248171E-045
   6.8750000000000006E-002     0.0000000000000000     
   6.9099999999999995E-002     0.0000000000000000     
   6.9450000000000012E-002     0.0000000000000000     
   6.9800000000000001E-002     0.0000000000000000     
   7.0149999999999990E-002     0.0000000000000000     
   7.0500000000000007E-002     0.0000000000000000     
   7.0849999999999996E-002     0.0000000000000000     
   7.1199999999999986E-002     0.0000000000000000     
   7.1550000000000002E-002     0.0000000000000000     
   7.1899999999999992E-002     0.0000000000000000     
   7.2250000000000009E-002     0.0000000000000000     
   7.2599999999999998E-002     0.0000000000000000     
   7.2949999999999987E-002     0.0000000000000000     
   7.3300000000000004E-002     0.0000000000000000     
   7.3649999999999993E-002     0.0000000000000000     
   7.4000000000000010E-002     0.0000000000000000     
   7.4349999999999999E-002     0.0000000000000000     
   7.4699999999999989E-002     0.0000000000000000     
   7.5050000000000006E-002     0.0000000000000000     
   7.5399999999999995E-002     0.0000000000000000     
   7.5750000000000012E-002     0.0000000000000000     
   7.6100000000000001E-002     0.0000000000000000     
   7.6449999999999990E-002     0.0000000000000000     
   7.6800000000000007E-002     0.0000000000000000     
   7.7149999999999996E-002     0.0000000000000000     
   7.7499999999999986E-002     0.0000000000000000     
   7.7850000000000003E-002     0.0000000000000000     
   7.8199999999999992E-002     0.0000000000000000     
   7.8550000000000009E-002     0.0000000000000000     
   7.8899999999999998E-002     0.0000000000000000     
   7.9249999999999987E-002     0.0000000000000000     
   7.9600000000000004E-002     0.0000000000000000     
   7.9949999999999993E-002     0.0000000000000000     
   8.0300000000000010E-002     0.0000000000000000     
   8.0649999999999999E-002     0.0000000000000000     
   8.0999999999999989E-002     0.0000000000000000     
   8.1350000000000006E-002     0.0000000000000000     
   8.1699999999999995E-002     0.0000000000000000     
   8.2050000000000012E-002     0.0000000000000000     
   8.2400000000000001E-002     0.0000000000000000     
   8.2749999999999990E-002     0.0000000000000000     
   8.3100000000000007E-002     0.0000000000000000     
   8.3449999999999996E-002     0.0000000000000000     
   8.3799999999999986E-002     0.0000000000000000     
   8.4150000000000003E-002     0.0000000000000000     
   8.4499999999999992E-002     0.0000000000000000     
   8.4850000000000009E-002     0.0000000000000000     
   8.5199999999999998E-002     0.0000000000000000     
   8.5549999999999987E-002     0.0000000000000000     
   8.5900000000000004E-002     0.0000000000000000     
   8.6249999999999993E-002     0.0000000000000000     
   8.6600000000000010E-002     0.0000000000000000     
   8.6950000000000000E-002     0.0000000000000000     
   8.7299999999999989E-002     0.0000000000000000     
   8.7650000000000006E-002     0.0000000000000000     
   8.7999999999999995E-002     0.0000000000000000     
   8.8350000000000012E-002     0.0000000000000000     
   8.8700000000000001E-002     0.0000000000000000     
   8.9049999999999990E-002     0.0000000000000000     
   8.9400000000000007E-002     0.0000000000000000     
   8.9749999999999996E-002     0.0000000000000000     
   9.0099999999999986E-002     0.0000000000000000     
   9.0450000000000003E-002     0.0000000000000000     
   9.0799999999999992E-002     0.0000000000000000     
   9.1150000000000009E-002     0.0000000000000000     
   9.1499999999999998E-002     0.0000000000000000     
   9.1849999999999987E-002     0.0000000000000000     
   9.2200000000000004E-002     0.0000000000000000     
   9.2549999999999993E-002     0.0000000000000000     
   9.2900000000000010E-002     0.0000000000000000     
   9.3250000000000000E-002     0.0000000000000000     
   9.3599999999999989E-002     0.0000000000000000     
   9.3950000000000006E-002     0.0000000000000000     
   9.4299999999999995E-002     0.0000000000000000     
   9.4650000000000012E-002     0.0000000000000000     
   9.5000000000000001E-002     0.0000000000000000     
   9.5349999999999990E-002     0.0000000000000000     
   9.5700000000000007E-002     0.0000000000000000     
   9.6049999999999996E-002     0.0000000000000000     
   9.6399999999999986E-002     0.0000000000000000     
   9.6750000000000003E-002     0.0000000000000000     
   9.7099999999999992E-002     0.0000000000000000     
   9.7450000000000009E-002     0.0000000000000000     
   9.7799999999999998E-002     0.0000000000000000     
   9.8149999999999987E-002     0.0000000000000000     
   9.8500000000000004E-002     0.0000000000000000     
   9.8849999999999993E-002     0.0000000000000000     
   9.9200000000000010E-002     0.0000000000000000     
   9.9550000000000000E-002     0.0000000000000000     
   9.9899999999999989E-002     0.0000000000000000     
  0.10025000000000001          0.0000000000000000     
  0.10059999999999999          0.0000000000000000     
  0.10095000000000001          0.0000000000000000     
  0.10130000000000000          0.0000000000000000     
  0.10165000000000002          0.0000000000000000     
  0.10200000000000001          0.0000000000000000     
  0.10235000000000000          0.0000000000000000     
  0.10270000000000001          0.0000000000000000     
  0.10305000000000000          0.0000000000000000     
  0.10339999999999999          0.0000000000000000     
  0.10375000000000001          0.0000000000000000     
  0.10410000000000000          0.0000000000000000     
  0.10445000000000002          0.0000000000000000     
  0.10480000000000000          0.0000000000000000     
  0.10514999999999999          0.0000000000000000     
  0.10550000000000001          0.0000000000000000     
  0.10585000000000000          0.0000000000000000     
  0.10620000000000002          0.0000000000000000     
  0.10655000000000001          0.0000000000000000     
  0.10690000000000000          0.0000000000000000     
  0.10725000000000001          0.0000000000000000     
  0.10760000000000000          0.0000000000000000     
  0.10795000000000002          0.0000000000000000     
  0.10830000000000001          0.0000000000000000     
  0.10865000000000000          0.0000000000000000     
  0.10900000000000001          0.0000000000000000     
  0.10935000000000000          0.0000000000000000     
  0.10969999999999999          0.0000000000000000     
  0.11005000000000001          0.0000000000000000     
  0.11040000000000000          0.0000000000000000     
  0.11075000000000002          0.0000000000000000     
  0.11110000000000000          0.0000000000000000     
  0.11144999999999999          0.0000000000000000     
  0.11180000000000001          0.0000000000000000     
  0.11215000000000000          0.0000000000000000     
  0.11250000000000002          0.0000000000000000     
  0.11285000000000001          0.0000000000000000     
  0.11320000000000000          0.0000000000000000     
  0.11355000000000001          0.0000000000000000     
  0.11390000000000000          0.0000000000000000     
  0.11425000000000002          0.0000000000000000     
  0.11460000000000001          0.0000000000000000     
  0.11495000000000000          0.0000000000000000     
  0.11530000000000001          0.0000000000000000     
  0.11565000000000000          0.0000000000000000     
  0.11599999999999999          0.0000000000000000     
  0.11635000000000001          0.0000000000000000     
  0.11670000000000000          0.0000000000000000     
  0.11705000000000002          0.0000000000000000     
  0.11740000000000000          0.0000000000000000     
  0.11774999999999999          0.0000000000000000     
  0.11810000000000001          0.0000000000000000     
  0.11845000000000000          0.0000000000000000     
  0.11880000000000002          0.0000000000000000     
  0.11915000000000001          0.0000000000000000     
  0.11950000000000000          0.0000000000000000     
  0.11985000000000001          0.0000000000000000     
  0.12020000000000000          0.0000000000000000     
  0.12055000000000002          0.0000000000000000     
  0.12090000000000001          0.0000000000000000     
  0.12125000000000000          0.0000000000000000     
  0.12160000000000001          0.0000000000000000     
  0.12195000000000000          0.0000000000000000     
  0.12229999999999999          0.0000000000000000     
  0.12265000000000001          0.0000000000000000     
  0.12300000000000000          0.0000000000000000     
  0.12335000000000002          0.0000000000000000     
  0.12370000000000000          0.0000000000000000     
  0.12404999999999999          0.0000000000000000     
  0.12440000000000001          0.0000000000000000     
  0.12475000000000000          0.0000000000000000     
  0.12510000000000002          0.0000000000000000     
  0.12545000000000001          0.0000000000000000     
  0.12580000000000000          0.0000000000000000     
  0.12615000000000001          0.0000000000000000     
  0.12650000000000000          0.0000000000000000     
  0.12685000000000002          0.0000000000000000     
  0.12720000000000001          0.0000000000000000     
  0.12755000000000000          0.0000000000000000     
  0.12790000000000001          0.0000000000000000     
  0.12825000000000000          0.0000000000000000     
  0.12859999999999999          0.0000000000000000     
  0.12895000000000001          0.0000000000000000     
  0.12930000000000000          0.0000000000000000     
  0.12965000000000002          0.0000000000000000     
  0.13000000000000000          0.0000000000000000     
  0.13034999999999999          0.0000000000000000     
  0.13070000000000001          0.0000000000000000     
  0.13105000000000000          0.0000000000000000     
  0.13140000000000002          0.0000000000000000     
  0.13175000000000001          0.0000000000000000     
  0.13210000000000000          0.0000000000000000     
  0.13245000000000001          0.0000000000000000     
  0.13280000000000000          0.0000000000000000     
  0.13315000000000002          0.0000000000000000     
  0.13350000000000001          0.0000000000000000     
  0.13385000000000000          0.0000000000000000     
  0.13420000000000001          0.0000000000000000     
  0.13455000000000000          0.0000000000000000     
  0.13489999999999999          0.0000000000000000     
  0.13525000000000001          0.0000000000000000     
  0.13560000000000000          0.0000000000000000     
  0.13595000000000002          0.0000000000000000     
  0.13630000000000000          0.0000000000000000     
  0.13664999999999999          0.0000000000000000     
  0.13700000000000001          0.0000000000000000     
  0.13735000000000000          0.0000000000000000     
  0.13770000000000002          0.0000000000000000     
  0.13805000000000001          0.0000000000000000     
  0.13840000000000000          0.0000000000000000     
  0.13875000000000001          0.0000000000000000     
  0.13910000000000000          0.0000000000000000     
  0.13945000000000002          0.0000000000000000     
  0.13980000000000001          0.0000000000000000     
  0.14015000000000000          0.0000000000000000     
  0.14050000000000001          0.0000000000000000     
  0.14085000000000000          0.0000000000000000     
  0.14119999999999999          0.0000000000000000     
  0.14155000000000001          0.0000000000000000     
  0.14190000000000000          0.0000000000000000     
  0.14225000000000002          0.0000000000000000     
  0.14260000000000000          0.0000000000000000     
  0.14294999999999999          0.0000000000000000     
  0.14330000000000001          0.0000000000000000     
  0.14365000000000000          0.0000000000000000     
  0.14400000000000002          0.0000000000000000     
  0.14435000000000001          0.0000000000000000     
  0.14470000000000000          0.0000000000000000     
  0.14505000000000001          0.0000000000000000     
  0.14540000000000000          0.0000000000000000     
  0.14575000000000002          0.0000000000000000     
  0.14610000000000001          0.0000000000000000     
  0.14645000000000000          0.0000000000000000     
  0.14680000000000001          0.0000000000000000     
  0.14715000000000000          0.0000000000000000     
  0.14749999999999999          0.0000000000000000     
  0.14785000000000001          0.0000000000000000     
  0.14820000000000000          0.0000000000000000     
  0.14855000000000002          0.0000000000000000     
  0.14890000000000000          0.0000000000000000     
  0.14924999999999999          0.0000000000000000     
  0.14960000000000001          0.0000000000000000     
  0.14995000000000000          0.0000000000000000     
  0.15030000000000002          0.0000000000000000     
  0.15065000000000001          0.0000000000000000     
  0.15100000000000000          0.0000000000000000     
  0.15135000000000001          0.0000000000000000     
  0.15170000000000000          0.0000000000000000     
  0.15205000000000002          0.0000000000000000     
  0.15240000000000001          0.0000000000000000     
  0.15275000000000000          0.0000000000000000     
  0.15310000000000001          0.0000000000000000     
  0.15345000000000000          0.0000000000000000     
  0.15379999999999999          0.0000000000000000     
  0.15415000000000001          0.0000000000000000     
  0.15450000000000000          0.0000000000000000     
  0.15485000000000002          0.0000000000000000     
  0.15520000000000000          0.0000000000000000     
  0.15554999999999999          0.0000000000000000     
  0.15590000000000001          0.0000000000000000     
  0.15625000000000000          0.0000000000000000     
  0.15660000000000002          0.0000000000000000     
  0.15695000000000001          0.0000000000000000     
  0.15730000000000000          0.0000000000000000     
  0.15765000000000001          0.0000000000000000     
  0.15800000000000000          0.0000000000000000     
  0.15834999999999999          0.0000000000000000     
  0.15870000000000001          0.0000000000000000     
  0.15905000000000000          0.0000000000000000     
  0.15940000000000001          0.0000000000000000     
  0.15975000000000000          0.0000000000000000     
  0.16009999999999999          0.0000000000000000     
  0.16045000000000001          0.0000000000000000     
  0.16080000000000000          0.0000000000000000     
  0.16115000000000002          0.0000000000000000     
  0.16150000000000000          0.0000000000000000     
  0.16184999999999999          0.0000000000000000     
  0.16220000000000001          0.0000000000000000     
  0.16255000000000000          0.0000000000000000     
  0.16290000000000002          0.0000000000000000     
  0.16325000000000001          0.0000000000000000     
  0.16360000000000000          0.0000000000000000     
  0.16395000000000001          0.0000000000000000     
  0.16430000000000000          0.0000000000000000     
  0.16464999999999999          0.0000000000000000     
  0.16500000000000001          0.0000000000000000     
  0.16535000000000000          0.0000000000000000     
  0.16570000000000001          0.0000000000000000     
  0.16605000000000000          0.0000000000000000     
  0.16639999999999999          0.0000000000000000     
  0.16675000000000001          0.0000000000000000     
  0.16710000000000000          0.0000000000000000     
  0.16745000000000002          0.0000000000000000     
  0.16780000000000000          0.0000000000000000     
  0.16814999999999999          0.0000000000000000     
  0.16850000000000001          0.0000000000000000     
  0.16885000000000000          0.0000000000000000     
  0.16920000000000002          0.0000000000000000     
  0.16955000000000001          0.0000000000000000     
  0.16990000000000000          0.0000000000000000     
  0.17025000000000001          0.0000000000000000     
  0.17060000000000000          0.0000000000000000     
  0.17094999999999999          0.0000000000000000     
  0.17130000000000001          0.0000000000000000     
  0.17165000000000000          0.0000000000000000     
  0.17200000000000001          0.0000000000000000     
  0.17235000000000000          0.0000000000000000     
  0.17269999999999999          0.0000000000000000     
  0.17305000000000001          0.0000000000000000     
  0.17340000000000000          0.0000000000000000     
  0.17375000000000002          0.0000000000000000     
  0.17410000000000000          0.0000000000000000     
  0.17444999999999999          0.0000000000000000     
  0.17480000000000001          0.0000000000000000     
  0.17515000000000000          0.0000000000000000     
  0.17550000000000002          0.0000000000000000     
  0.17585000000000001          0.0000000000000000     
  0.17620000000000000          0.0000000000000000     
  0.17655000000000001          0.0000000000000000     
  0.17690000000000000          0.0000000000000000     
  0.17724999999999999          0.0000000000000000     
  0.17760000000000001          0.0000000000000000     
  0.17795000000000000          0.0000000000000000     
  0.17830000000000001          0.0000000000000000     
  0.17865000000000000          0.0000000000000000     
  0.17899999999999999          0.0000000000000000     
  0.17935000000000001          0.0000000000000000     
  0.17970000000000000          0.0000000000000000     
  0.18005000000000002          0.0000000000000000     
  0.18040000000000000          0.0000000000000000     
  0.18074999999999999          0.0000000000000000     
  0.18110000000000001          0.0000000000000000     
  0.18145000000000000          0.0000000000000000     
  0.18180000000000002          0.0000000000000000     
  0.18215000000000001          0.0000000000000000     
  0.18250000000000000          0.0000000000000000     
  0.18285000000000001          0.0000000000000000     
  0.18320000000000000          0.0000000000000000     
  0.18354999999999999          0.0000000000000000     
  0.18390000000000001          0.0000000000000000     
  0.18425000000000000          0.0000000000000000     
  0.18460000000000001          0.0000000000000000     
  0.18495000000000000          0.0000000000000000     
  0.18529999999999999          0.0000000000000000     
  0.18565000000000001          0.0000000000000000     
