  -2.4000000000000000E-002     1.3628154160727490E-011
  -2.3650000000000001E-002     2.0565988148590897E-011
  -2.3300000000000001E-002     3.0848691656704119E-011
  -2.2950000000000002E-002     4.5993719249848297E-011
  -2.2600000000000002E-002     6.8160845023701455E-011
  -2.2249999999999999E-002     1.0040284575962843E-010
  -2.1899999999999999E-002     1.4700486661300971E-010
  -2.1550000000000000E-002     2.1394003235641890E-010
  -2.1200000000000000E-002     3.0947602813746755E-010
  -2.0850000000000000E-002     4.4497602824655758E-010
  -2.0500000000000001E-002     6.3594685073553592E-010
  -2.0150000000000001E-002     9.0339918878967751E-010
  -1.9800000000000002E-002     1.2755960732135918E-009
  -1.9450000000000002E-002     1.7902813675974016E-009
  -1.9099999999999999E-002     2.4974917689490894E-009
  -1.8749999999999999E-002     3.4630713852124018E-009
  -1.8400000000000000E-002     4.7730224217445993E-009
  -1.8050000000000000E-002     6.5388308101432813E-009
  -1.7700000000000000E-002     8.9039229322906976E-009
  -1.7350000000000001E-002     1.2051394548961980E-008
  -1.7000000000000001E-002     1.6213167697287645E-008
  -1.6650000000000002E-002     2.1680687467551252E-008
  -1.6300000000000002E-002     2.8817270347758495E-008
  -1.5949999999999999E-002     3.8072140995382142E-008
  -1.5600000000000001E-002     4.9996128126394979E-008
  -1.5250000000000001E-002     6.5258952020030847E-008
  -1.4900000000000000E-002     8.4667824751250009E-008
  -1.4550000000000000E-002     1.0918711268459447E-007
  -1.4200000000000001E-002     1.3995840220104583E-007
  -1.3850000000000001E-002     1.7832047660704120E-007
  -1.3500000000000000E-002     2.2582815972782555E-007
  -1.3150000000000000E-002     2.8426907761058828E-007
  -1.2800000000000001E-002     3.5567697409533139E-007
  -1.2450000000000001E-002     4.4234030838197214E-007
  -1.2100000000000001E-002     5.4680430139342207E-007
  -1.1750000000000000E-002     6.7186488195147831E-007
  -1.1400000000000000E-002     8.2055294114979915E-007
  -1.1050000000000001E-002     9.9610679171746597E-007
  -1.0700000000000001E-002     1.2019318091915920E-006
  -1.0350000000000000E-002     1.4415455780181219E-006
  -1.0000000000000000E-002     1.7185080878334702E-006
  -9.6500000000000006E-003     2.0363356725283666E-006
  -9.3000000000000010E-003     2.3984011932043359E-006
  -8.9500000000000014E-003     2.8078179639123846E-006
  -8.6000000000000000E-003     3.2673124223947525E-006
  -8.2500000000000004E-003     3.7790880469401600E-006
  -7.9000000000000008E-003     4.3446821109682787E-006
  -7.5500000000000012E-003     4.9648210733721498E-006
  -7.2000000000000015E-003     5.6392827900708653E-006
  -6.8500000000000019E-003     6.3667639551567845E-006
  -6.5000000000000023E-003     7.1447702794102952E-006
  -6.1499999999999992E-003     7.9695246313349344E-006
  -5.7999999999999996E-003     8.8359083747491241E-006
  -5.4500000000000000E-003     9.7374359029345214E-006
  -5.1000000000000004E-003     1.0666271919035353E-005
  -4.7500000000000007E-003     1.1613291462708730E-005
  -4.4000000000000011E-003     1.2568186321004760E-005
  -4.0500000000000015E-003     1.3519622370949946E-005
  -3.7000000000000019E-003     1.4455434211413376E-005
  -3.3500000000000023E-003     1.5362869817181490E-005
  -2.9999999999999992E-003     1.6228865206358023E-005
  -2.6499999999999996E-003     1.7040354578057304E-005
  -2.3000000000000000E-003     1.7784584997571073E-005
  -1.9500000000000003E-003     1.8449451090418734E-005
  -1.6000000000000007E-003     1.9023824279429391E-005
  -1.2500000000000011E-003     1.9497854736982845E-005
  -9.0000000000000149E-004     1.9863256966345944E-005
  -5.5000000000000188E-004     2.0113549908273853E-005
  -2.0000000000000226E-004     2.0244246115908027E-005
   1.5000000000000083E-004     2.0252989997970872E-005
   5.0000000000000044E-004     2.0139621483394876E-005
   8.5000000000000006E-004     1.9906186935259029E-005
   1.1999999999999997E-003     1.9556877305149101E-005
   1.5499999999999993E-003     1.9097898984909989E-005
   1.8999999999999989E-003     1.8537290088715963E-005
   2.2499999999999985E-003     1.7884696717374027E-005
   2.5999999999999981E-003     1.7151081920019351E-005
   2.9499999999999978E-003     1.6348432836821303E-005
   3.3000000000000008E-003     1.5489426004933193E-005
   3.6500000000000005E-003     1.4587107216357253E-005
   4.0000000000000001E-003     1.3654558642883785E-005
   4.3499999999999997E-003     1.2704593245871365E-005
   4.6999999999999993E-003     1.1749476470868103E-005
   5.0499999999999989E-003     1.0800675227073953E-005
   5.3999999999999986E-003     9.8686532510328107E-006
   5.7499999999999982E-003     8.9627137640491128E-006
   6.0999999999999978E-003     8.0908812378766015E-006
   6.4500000000000009E-003     7.2598345468577463E-006
   6.8000000000000005E-003     6.4748883232823573E-006
   7.1500000000000001E-003     5.7400070545554627E-006
   7.4999999999999997E-003     5.0578651098476257E-006
   7.8499999999999959E-003     4.4299281398707535E-006
   8.1999999999999990E-003     3.8565658542211168E-006
   8.5500000000000020E-003     3.3371784411428962E-006
   8.8999999999999982E-003     2.8703361749649048E-006
   9.2500000000000013E-003     2.4539219793950906E-006
   9.5999999999999974E-003     2.0852749003097415E-006
   9.9500000000000005E-003     1.7613293721296941E-006
   1.0299999999999997E-002     1.4787420923312311E-006
   1.0650000000000000E-002     1.2340107105046627E-006
   1.0999999999999996E-002     1.0235759191346006E-006
   1.1349999999999999E-002     8.4390933352551656E-007
   1.1700000000000002E-002     6.9158602400420932E-007
   1.2049999999999998E-002     5.6334079090447631E-007
   1.2400000000000001E-002     4.5611133714373864E-007
   1.2749999999999997E-002     3.6706683204101864E-007
   1.3100000000000001E-002     2.9362570330704330E-007
   1.3449999999999997E-002     2.3346277089331124E-007
   1.3800000000000000E-002     1.8450825223226275E-007
   1.4149999999999996E-002     1.4494011679744290E-007
   1.4499999999999999E-002     1.1317123949083907E-007
   1.4850000000000002E-002     8.7833086581667885E-008
   1.5199999999999998E-002     6.7757106592125638E-008
   1.5550000000000001E-002     5.1954863522496453E-008
   1.5899999999999997E-002     3.9597903622734520E-008
   1.6250000000000001E-002     2.9998034278833074E-008
   1.6599999999999997E-002     2.2588533710177217E-008
   1.6950000000000000E-002     1.6906662736460021E-008
   1.7299999999999996E-002     1.2577734409546792E-008
   1.7649999999999999E-002     9.3008267754157714E-009
   1.8000000000000002E-002     6.8362089322704378E-009
   1.8349999999999998E-002     4.9944044455685344E-009
   1.8700000000000001E-002     3.6268263947647483E-009
   1.9049999999999997E-002     2.6178479384242337E-009
   1.9400000000000001E-002     1.8781778354792777E-009
   1.9749999999999997E-002     1.3393794962013317E-009
   2.0100000000000000E-002     9.4939123229664801E-010
   2.0449999999999996E-002     6.6890032401900612E-010
   2.0799999999999999E-002     4.6843812162578047E-010
   2.1150000000000002E-002     3.2607513911209196E-010
   2.1499999999999998E-002     2.2560971146834419E-010
   2.1850000000000001E-002     1.5515740081628593E-010
   2.2199999999999998E-002     1.0606250600009304E-010
   2.2550000000000001E-002     7.2065242662233686E-011
   2.2899999999999997E-002     4.8670352470470135E-011
   2.3250000000000000E-002     3.2672153177371044E-011
   2.3599999999999996E-002     2.1800457272735940E-011
   2.3949999999999999E-002     1.4458663433192243E-011
   2.4300000000000002E-002     9.5315881923352386E-012
   2.4649999999999998E-002     6.2456415907130580E-012
   2.5000000000000001E-002     4.0678363455448618E-012
   2.5349999999999998E-002     2.6334466291660918E-012
   2.5700000000000001E-002     1.6945727590242377E-012
   2.6049999999999997E-002     1.0838533846466158E-012
   2.6400000000000000E-002     6.8905748077871531E-013
   2.6749999999999996E-002     4.3542667843739224E-013
   2.7099999999999999E-002     2.7349490402429899E-013
   2.7450000000000002E-002     1.7074896726566868E-013
   2.7799999999999998E-002     1.0595990502116487E-013
   2.8150000000000001E-002     6.5358139636050722E-014
   2.8499999999999998E-002     4.0071204275744787E-014
   2.8850000000000001E-002     2.4419668490007623E-014
   2.9199999999999997E-002     1.4791826143394256E-014
   2.9550000000000000E-002     8.9059119305037911E-015
   2.9899999999999996E-002     5.3297845669752868E-015
   3.0249999999999999E-002     3.1704110755296664E-015
   3.0600000000000002E-002     1.8745459574371530E-015
   3.0949999999999998E-002     1.1016693682864274E-015
   3.1300000000000001E-002     6.4354815769259084E-016
   3.1649999999999998E-002     3.7366763176916893E-016
   3.2000000000000001E-002     2.1565748681181125E-016
   3.2349999999999997E-002     1.2371382062770046E-016
   3.2700000000000000E-002     7.0541803819844590E-017
   3.3049999999999996E-002     3.9980620163615469E-017
   3.3399999999999999E-002     2.2523044473216499E-017
   3.3750000000000002E-002     1.2611864808099015E-017
   3.4099999999999998E-002     7.0195001730586833E-018
   3.4450000000000001E-002     3.8833598586690237E-018
   3.4799999999999998E-002     2.1354223792018351E-018
   3.5150000000000001E-002     1.1671710762615639E-018
   3.5499999999999997E-002     6.3410316419940874E-019
   3.5850000000000000E-002     3.4242061695064046E-019
   3.6199999999999996E-002     1.8379537035682584E-019
   3.6549999999999999E-002     9.8058183876235486E-020
   3.6900000000000002E-002     5.2000528262387089E-020
   3.7249999999999998E-002     2.7409828362597920E-020
   3.7600000000000001E-002     1.4360828017375164E-020
   3.7949999999999998E-002     7.4787200560573522E-021
   3.8300000000000001E-002     3.8712367706972804E-021
   3.8649999999999997E-002     1.9918048707943747E-021
   3.9000000000000000E-002     1.0186347561130154E-021
   3.9350000000000003E-002     5.1780329996437667E-022
   3.9699999999999992E-002     2.6162893776904187E-022
   4.0049999999999995E-002     1.3139577733013468E-022
   4.0399999999999998E-002     6.5592111884008063E-023
   4.0750000000000001E-002     3.2545914459845690E-023
   4.1100000000000005E-002     1.6051512929774634E-023
   4.1449999999999994E-002     7.8688291538726064E-024
   4.1799999999999997E-002     3.8342363417213817E-024
   4.2150000000000000E-002     1.8570442435606214E-024
   4.2500000000000003E-002     8.9400571008759165E-025
   4.2849999999999992E-002     4.2779231706462744E-025
   4.3199999999999995E-002     2.0346993185942734E-025
   4.3549999999999998E-002     9.6192712706518653E-026
   4.3900000000000002E-002     4.5202111973664943E-026
   4.4250000000000005E-002     2.1112997770881340E-026
   4.4599999999999994E-002     9.8020235334467479E-027
   4.4949999999999997E-002     4.5233084008658601E-027
   4.5300000000000000E-002     2.0747762105111811E-027
   4.5650000000000003E-002     9.4593435888139048E-028
   4.5999999999999992E-002     4.2867218701899849E-028
   4.6349999999999995E-002     1.9309201492437647E-028
   4.6699999999999998E-002     8.6452569735519305E-029
   4.7050000000000002E-002     3.8473896248176166E-029
   4.7400000000000005E-002     1.7018804954255925E-029
   4.7749999999999994E-002     7.4828419440011859E-030
   4.8099999999999997E-002     3.2702328071514491E-030
   4.8450000000000000E-002     1.4205792805958505E-030
   4.8800000000000003E-002     6.1337614960370386E-031
   4.9149999999999992E-002     2.6324669365195960E-031
   4.9499999999999995E-002     1.1229840777755753E-031
   4.9849999999999998E-002     4.7616654799408533E-032
   5.0200000000000002E-002     2.0068680201659290E-032
   5.0550000000000005E-002     8.4072391875206665E-033
   5.0899999999999994E-002     3.5007621340449170E-033
   5.1249999999999997E-002     1.4489267346155329E-033
   5.1600000000000000E-002     5.9608046608576411E-034
   5.1950000000000003E-002     2.4374626119481223E-034
   5.2299999999999992E-002     9.9070813119983648E-035
   5.2649999999999995E-002     4.0024698728848369E-035
   5.2999999999999999E-002     1.6072560661498283E-035
   5.3350000000000002E-002     6.4152955753885071E-036
   5.3700000000000005E-002     2.5452060679900449E-036
   5.4049999999999994E-002     1.0036998226173542E-036
   5.4399999999999997E-002     3.9342263775912233E-037
   5.4750000000000000E-002     1.5328141367335241E-037
   5.5100000000000003E-002     5.9360056725244423E-038
   5.5449999999999992E-002     2.2849342946332318E-038
   5.5799999999999995E-002     8.7423409852172022E-039
   5.6149999999999999E-002     3.3247305455463113E-039
   5.6500000000000002E-002     1.2567811524005344E-039
   5.6850000000000005E-002     4.7221235910510551E-040
   5.7199999999999994E-002     1.7635621433220688E-040
   5.7549999999999997E-002     6.5465861656326804E-041
   5.7900000000000000E-002     2.4155582928031197E-041
   5.8250000000000003E-002     8.8590088914614935E-042
   5.8599999999999992E-002     3.2299929602687033E-042
   5.8949999999999995E-002     1.1700842177112223E-042
   5.9299999999999999E-002     4.2179083776176994E-043
   5.9650000000000002E-002     1.5134023414708024E-043
   6.0000000000000005E-002     5.3249341644343049E-044
   6.0349999999999994E-002     1.9618178500547439E-044
   6.0699999999999997E-002     7.0064923216240854E-045
   6.1050000000000000E-002     2.8025969286496341E-045
   6.1400000000000003E-002     1.4012984643248171E-045
   6.1749999999999992E-002     0.0000000000000000     
   6.2099999999999995E-002     0.0000000000000000     
   6.2449999999999999E-002     0.0000000000000000     
   6.2799999999999995E-002     0.0000000000000000     
   6.3150000000000012E-002     0.0000000000000000     
   6.3500000000000001E-002     0.0000000000000000     
   6.3849999999999990E-002     0.0000000000000000     
   6.4200000000000007E-002     0.0000000000000000     
   6.4549999999999996E-002     0.0000000000000000     
   6.4899999999999985E-002     0.0000000000000000     
   6.5250000000000002E-002     0.0000000000000000     
   6.5599999999999992E-002     0.0000000000000000     
   6.5950000000000009E-002     0.0000000000000000     
   6.6299999999999998E-002     0.0000000000000000     
   6.6649999999999987E-002     0.0000000000000000     
   6.7000000000000004E-002     0.0000000000000000     
   6.7349999999999993E-002     0.0000000000000000     
   6.7700000000000010E-002     0.0000000000000000     
   6.8049999999999999E-002     0.0000000000000000     
   6.8399999999999989E-002     0.0000000000000000     
   6.8750000000000006E-002     0.0000000000000000     
   6.9099999999999995E-002     0.0000000000000000     
   6.9450000000000012E-002     0.0000000000000000     
   6.9800000000000001E-002     0.0000000000000000     
   7.0149999999999990E-002     0.0000000000000000     
   7.0500000000000007E-002     0.0000000000000000     
   7.0849999999999996E-002     0.0000000000000000     
   7.1199999999999986E-002     0.0000000000000000     
   7.1550000000000002E-002     0.0000000000000000     
   7.1899999999999992E-002     0.0000000000000000     
   7.2250000000000009E-002     0.0000000000000000     
   7.2599999999999998E-002     0.0000000000000000     
   7.2949999999999987E-002     0.0000000000000000     
   7.3300000000000004E-002     0.0000000000000000     
   7.3649999999999993E-002     0.0000000000000000     
   7.4000000000000010E-002     0.0000000000000000     
   7.4349999999999999E-002     0.0000000000000000     
   7.4699999999999989E-002     0.0000000000000000     
   7.5050000000000006E-002     0.0000000000000000     
   7.5399999999999995E-002     0.0000000000000000     
   7.5750000000000012E-002     0.0000000000000000     
   7.6100000000000001E-002     0.0000000000000000     
   7.6449999999999990E-002     0.0000000000000000     
   7.6800000000000007E-002     0.0000000000000000     
   7.7149999999999996E-002     0.0000000000000000     
   7.7499999999999986E-002     0.0000000000000000     
   7.7850000000000003E-002     0.0000000000000000     
   7.8199999999999992E-002     0.0000000000000000     
   7.8550000000000009E-002     0.0000000000000000     
   7.8899999999999998E-002     0.0000000000000000     
   7.9249999999999987E-002     0.0000000000000000     
   7.9600000000000004E-002     0.0000000000000000     
   7.9949999999999993E-002     0.0000000000000000     
   8.0300000000000010E-002     0.0000000000000000     
   8.0649999999999999E-002     0.0000000000000000     
   8.0999999999999989E-002     0.0000000000000000     
   8.1350000000000006E-002     0.0000000000000000     
   8.1699999999999995E-002     0.0000000000000000     
   8.2050000000000012E-002     0.0000000000000000     
   8.2400000000000001E-002     0.0000000000000000     
   8.2749999999999990E-002     0.0000000000000000     
   8.3100000000000007E-002     0.0000000000000000     
   8.3449999999999996E-002     0.0000000000000000     
   8.3799999999999986E-002     0.0000000000000000     
   8.4150000000000003E-002     0.0000000000000000     
   8.4499999999999992E-002     0.0000000000000000     
   8.4850000000000009E-002     0.0000000000000000     
   8.5199999999999998E-002     0.0000000000000000     
   8.5549999999999987E-002     0.0000000000000000     
   8.5900000000000004E-002     0.0000000000000000     
   8.6249999999999993E-002     0.0000000000000000     
   8.6600000000000010E-002     0.0000000000000000     
   8.6950000000000000E-002     0.0000000000000000     
   8.7299999999999989E-002     0.0000000000000000     
   8.7650000000000006E-002     0.0000000000000000     
   8.7999999999999995E-002     0.0000000000000000     
   8.8350000000000012E-002     0.0000000000000000     
   8.8700000000000001E-002     0.0000000000000000     
   8.9049999999999990E-002     0.0000000000000000     
   8.9400000000000007E-002     0.0000000000000000     
   8.9749999999999996E-002     0.0000000000000000     
   9.0099999999999986E-002     0.0000000000000000     
   9.0450000000000003E-002     0.0000000000000000     
   9.0799999999999992E-002     0.0000000000000000     
   9.1150000000000009E-002     0.0000000000000000     
   9.1499999999999998E-002     0.0000000000000000     
   9.1849999999999987E-002     0.0000000000000000     
   9.2200000000000004E-002     0.0000000000000000     
   9.2549999999999993E-002     0.0000000000000000     
   9.2900000000000010E-002     0.0000000000000000     
   9.3250000000000000E-002     0.0000000000000000     
   9.3599999999999989E-002     0.0000000000000000     
   9.3950000000000006E-002     0.0000000000000000     
   9.4299999999999995E-002     0.0000000000000000     
   9.4650000000000012E-002     0.0000000000000000     
   9.5000000000000001E-002     0.0000000000000000     
   9.5349999999999990E-002     0.0000000000000000     
   9.5700000000000007E-002     0.0000000000000000     
   9.6049999999999996E-002     0.0000000000000000     
   9.6399999999999986E-002     0.0000000000000000     
   9.6750000000000003E-002     0.0000000000000000     
   9.7099999999999992E-002     0.0000000000000000     
   9.7450000000000009E-002     0.0000000000000000     
   9.7799999999999998E-002     0.0000000000000000     
   9.8149999999999987E-002     0.0000000000000000     
   9.8500000000000004E-002     0.0000000000000000     
   9.8849999999999993E-002     0.0000000000000000     
   9.9200000000000010E-002     0.0000000000000000     
   9.9550000000000000E-002     0.0000000000000000     
   9.9899999999999989E-002     0.0000000000000000     
  0.10025000000000001          0.0000000000000000     
  0.10059999999999999          0.0000000000000000     
  0.10095000000000001          0.0000000000000000     
  0.10130000000000000          0.0000000000000000     
  0.10165000000000002          0.0000000000000000     
  0.10200000000000001          0.0000000000000000     
  0.10235000000000000          0.0000000000000000     
  0.10270000000000001          0.0000000000000000     
  0.10305000000000000          0.0000000000000000     
  0.10339999999999999          0.0000000000000000     
  0.10375000000000001          0.0000000000000000     
  0.10410000000000000          0.0000000000000000     
  0.10445000000000002          0.0000000000000000     
  0.10480000000000000          0.0000000000000000     
  0.10514999999999999          0.0000000000000000     
  0.10550000000000001          0.0000000000000000     
  0.10585000000000000          0.0000000000000000     
  0.10620000000000002          0.0000000000000000     
  0.10655000000000001          0.0000000000000000     
  0.10690000000000000          0.0000000000000000     
  0.10725000000000001          0.0000000000000000     
  0.10760000000000000          0.0000000000000000     
  0.10795000000000002          0.0000000000000000     
  0.10830000000000001          0.0000000000000000     
  0.10865000000000000          0.0000000000000000     
  0.10900000000000001          0.0000000000000000     
  0.10935000000000000          0.0000000000000000     
  0.10969999999999999          0.0000000000000000     
  0.11005000000000001          0.0000000000000000     
  0.11040000000000000          0.0000000000000000     
  0.11075000000000002          0.0000000000000000     
  0.11110000000000000          0.0000000000000000     
  0.11144999999999999          0.0000000000000000     
  0.11180000000000001          0.0000000000000000     
  0.11215000000000000          0.0000000000000000     
  0.11250000000000002          0.0000000000000000     
  0.11285000000000001          0.0000000000000000     
  0.11320000000000000          0.0000000000000000     
  0.11355000000000001          0.0000000000000000     
  0.11390000000000000          0.0000000000000000     
  0.11425000000000002          0.0000000000000000     
  0.11460000000000001          0.0000000000000000     
  0.11495000000000000          0.0000000000000000     
  0.11530000000000001          0.0000000000000000     
  0.11565000000000000          0.0000000000000000     
  0.11599999999999999          0.0000000000000000     
  0.11635000000000001          0.0000000000000000     
  0.11670000000000000          0.0000000000000000     
  0.11705000000000002          0.0000000000000000     
  0.11740000000000000          0.0000000000000000     
  0.11774999999999999          0.0000000000000000     
  0.11810000000000001          0.0000000000000000     
  0.11845000000000000          0.0000000000000000     
  0.11880000000000002          0.0000000000000000     
  0.11915000000000001          0.0000000000000000     
  0.11950000000000000          0.0000000000000000     
  0.11985000000000001          0.0000000000000000     
  0.12020000000000000          0.0000000000000000     
  0.12055000000000002          0.0000000000000000     
  0.12090000000000001          0.0000000000000000     
  0.12125000000000000          0.0000000000000000     
  0.12160000000000001          0.0000000000000000     
  0.12195000000000000          0.0000000000000000     
  0.12229999999999999          0.0000000000000000     
  0.12265000000000001          0.0000000000000000     
  0.12300000000000000          0.0000000000000000     
  0.12335000000000002          0.0000000000000000     
  0.12370000000000000          0.0000000000000000     
  0.12404999999999999          0.0000000000000000     
  0.12440000000000001          0.0000000000000000     
  0.12475000000000000          0.0000000000000000     
  0.12510000000000002          0.0000000000000000     
  0.12545000000000001          0.0000000000000000     
  0.12580000000000000          0.0000000000000000     
  0.12615000000000001          0.0000000000000000     
  0.12650000000000000          0.0000000000000000     
  0.12685000000000002          0.0000000000000000     
  0.12720000000000001          0.0000000000000000     
  0.12755000000000000          0.0000000000000000     
  0.12790000000000001          0.0000000000000000     
  0.12825000000000000          0.0000000000000000     
  0.12859999999999999          0.0000000000000000     
  0.12895000000000001          0.0000000000000000     
  0.12930000000000000          0.0000000000000000     
  0.12965000000000002          0.0000000000000000     
  0.13000000000000000          0.0000000000000000     
  0.13034999999999999          0.0000000000000000     
  0.13070000000000001          0.0000000000000000     
  0.13105000000000000          0.0000000000000000     
  0.13140000000000002          0.0000000000000000     
  0.13175000000000001          0.0000000000000000     
  0.13210000000000000          0.0000000000000000     
  0.13245000000000001          0.0000000000000000     
  0.13280000000000000          0.0000000000000000     
  0.13315000000000002          0.0000000000000000     
  0.13350000000000001          0.0000000000000000     
  0.13385000000000000          0.0000000000000000     
  0.13420000000000001          0.0000000000000000     
  0.13455000000000000          0.0000000000000000     
  0.13489999999999999          0.0000000000000000     
  0.13525000000000001          0.0000000000000000     
  0.13560000000000000          0.0000000000000000     
  0.13595000000000002          0.0000000000000000     
  0.13630000000000000          0.0000000000000000     
  0.13664999999999999          0.0000000000000000     
  0.13700000000000001          0.0000000000000000     
  0.13735000000000000          0.0000000000000000     
  0.13770000000000002          0.0000000000000000     
  0.13805000000000001          0.0000000000000000     
  0.13840000000000000          0.0000000000000000     
  0.13875000000000001          0.0000000000000000     
  0.13910000000000000          0.0000000000000000     
  0.13945000000000002          0.0000000000000000     
  0.13980000000000001          0.0000000000000000     
  0.14015000000000000          0.0000000000000000     
  0.14050000000000001          0.0000000000000000     
  0.14085000000000000          0.0000000000000000     
  0.14119999999999999          0.0000000000000000     
  0.14155000000000001          0.0000000000000000     
  0.14190000000000000          0.0000000000000000     
  0.14225000000000002          0.0000000000000000     
  0.14260000000000000          0.0000000000000000     
  0.14294999999999999          0.0000000000000000     
  0.14330000000000001          0.0000000000000000     
  0.14365000000000000          0.0000000000000000     
  0.14400000000000002          0.0000000000000000     
  0.14435000000000001          0.0000000000000000     
  0.14470000000000000          0.0000000000000000     
  0.14505000000000001          0.0000000000000000     
  0.14540000000000000          0.0000000000000000     
  0.14575000000000002          0.0000000000000000     
  0.14610000000000001          0.0000000000000000     
  0.14645000000000000          0.0000000000000000     
  0.14680000000000001          0.0000000000000000     
  0.14715000000000000          0.0000000000000000     
  0.14749999999999999          0.0000000000000000     
  0.14785000000000001          0.0000000000000000     
  0.14820000000000000          0.0000000000000000     
  0.14855000000000002          0.0000000000000000     
  0.14890000000000000          0.0000000000000000     
  0.14924999999999999          0.0000000000000000     
  0.14960000000000001          0.0000000000000000     
  0.14995000000000000          0.0000000000000000     
  0.15030000000000002          0.0000000000000000     
  0.15065000000000001          0.0000000000000000     
  0.15100000000000000          0.0000000000000000     
  0.15135000000000001          0.0000000000000000     
  0.15170000000000000          0.0000000000000000     
  0.15205000000000002          0.0000000000000000     
  0.15240000000000001          0.0000000000000000     
  0.15275000000000000          0.0000000000000000     
  0.15310000000000001          0.0000000000000000     
  0.15345000000000000          0.0000000000000000     
  0.15379999999999999          0.0000000000000000     
  0.15415000000000001          0.0000000000000000     
  0.15450000000000000          0.0000000000000000     
  0.15485000000000002          0.0000000000000000     
  0.15520000000000000          0.0000000000000000     
  0.15554999999999999          0.0000000000000000     
  0.15590000000000001          0.0000000000000000     
  0.15625000000000000          0.0000000000000000     
  0.15660000000000002          0.0000000000000000     
  0.15695000000000001          0.0000000000000000     
  0.15730000000000000          0.0000000000000000     
  0.15765000000000001          0.0000000000000000     
  0.15800000000000000          0.0000000000000000     
  0.15834999999999999          0.0000000000000000     
  0.15870000000000001          0.0000000000000000     
  0.15905000000000000          0.0000000000000000     
  0.15940000000000001          0.0000000000000000     
  0.15975000000000000          0.0000000000000000     
  0.16009999999999999          0.0000000000000000     
  0.16045000000000001          0.0000000000000000     
  0.16080000000000000          0.0000000000000000     
  0.16115000000000002          0.0000000000000000     
  0.16150000000000000          0.0000000000000000     
  0.16184999999999999          0.0000000000000000     
  0.16220000000000001          0.0000000000000000     
  0.16255000000000000          0.0000000000000000     
  0.16290000000000002          0.0000000000000000     
  0.16325000000000001          0.0000000000000000     
  0.16360000000000000          0.0000000000000000     
  0.16395000000000001          0.0000000000000000     
  0.16430000000000000          0.0000000000000000     
  0.16464999999999999          0.0000000000000000     
  0.16500000000000001          0.0000000000000000     
  0.16535000000000000          0.0000000000000000     
  0.16570000000000001          0.0000000000000000     
  0.16605000000000000          0.0000000000000000     
  0.16639999999999999          0.0000000000000000     
  0.16675000000000001          0.0000000000000000     
  0.16710000000000000          0.0000000000000000     
  0.16745000000000002          0.0000000000000000     
  0.16780000000000000          0.0000000000000000     
  0.16814999999999999          0.0000000000000000     
  0.16850000000000001          0.0000000000000000     
  0.16885000000000000          0.0000000000000000     
  0.16920000000000002          0.0000000000000000     
  0.16955000000000001          0.0000000000000000     
  0.16990000000000000          0.0000000000000000     
  0.17025000000000001          0.0000000000000000     
  0.17060000000000000          0.0000000000000000     
  0.17094999999999999          0.0000000000000000     
  0.17130000000000001          0.0000000000000000     
  0.17165000000000000          0.0000000000000000     
  0.17200000000000001          0.0000000000000000     
  0.17235000000000000          0.0000000000000000     
  0.17269999999999999          0.0000000000000000     
  0.17305000000000001          0.0000000000000000     
  0.17340000000000000          0.0000000000000000     
  0.17375000000000002          0.0000000000000000     
  0.17410000000000000          0.0000000000000000     
  0.17444999999999999          0.0000000000000000     
  0.17480000000000001          0.0000000000000000     
  0.17515000000000000          0.0000000000000000     
  0.17550000000000002          0.0000000000000000     
  0.17585000000000001          0.0000000000000000     
  0.17620000000000000          0.0000000000000000     
  0.17655000000000001          0.0000000000000000     
  0.17690000000000000          0.0000000000000000     
  0.17724999999999999          0.0000000000000000     
  0.17760000000000001          0.0000000000000000     
  0.17795000000000000          0.0000000000000000     
  0.17830000000000001          0.0000000000000000     
  0.17865000000000000          0.0000000000000000     
  0.17899999999999999          0.0000000000000000     
  0.17935000000000001          0.0000000000000000     
  0.17970000000000000          0.0000000000000000     
  0.18005000000000002          0.0000000000000000     
  0.18040000000000000          0.0000000000000000     
  0.18074999999999999          0.0000000000000000     
  0.18110000000000001          0.0000000000000000     
  0.18145000000000000          0.0000000000000000     
  0.18180000000000002          0.0000000000000000     
  0.18215000000000001          0.0000000000000000     
  0.18250000000000000          0.0000000000000000     
  0.18285000000000001          0.0000000000000000     
  0.18320000000000000          0.0000000000000000     
  0.18354999999999999          0.0000000000000000     
  0.18390000000000001          0.0000000000000000     
  0.18425000000000000          0.0000000000000000     
  0.18460000000000001          0.0000000000000000     
  0.18495000000000000          0.0000000000000000     
  0.18529999999999999          0.0000000000000000     
  0.18565000000000001          0.0000000000000000     
